gate threshold:  11.344866730144368
Press Command-Q to exit...
Sinv: 
 [[ 2.92980392e+01  1.74953369e-02 -6.41022111e-04]
 [ 1.74953369e-02  2.93220471e+01  6.70734108e-04]
 [-6.41022111e-04  6.70734108e-04  4.08163265e+01]]
y-h 
 [[-1.15166691]
 [-0.08060923]
 [15.06722726]]
self.P 
 [[0.0001 0.    ]
 [0.     0.0001]]
if condition:  [[9305.25047211]]
Sinv: 
 [[2.13812327e+01 7.16681157e+00 1.85007383e-04]
 [7.16681157e+00 2.02364838e+01 5.73020054e-02]
 [1.85007383e-04 5.73020054e-02 4.08161430e+01]]
y-h 
 [[-1.84677478]
 [ 0.8530904 ]
 [19.25695195]]
self.P 
 [[ 2.00000155e-04 -4.31488566e-12]
 [-4.31488566e-12  2.00000006e-04]]
if condition:  [[15202.795547]]
Sinv: 
 [[21.1050765  11.41474822  0.08481715]
 [11.41474822 12.14990536  0.19337206]
 [ 0.08481715  0.19337206 40.81329559]]
y-h 
 [[-1.89292328]
 [ 0.58936575]
 [22.0669751 ]]
self.P 
 [[ 3.00003068e-04 -2.78045531e-11]
 [-2.78045531e-11  3.00000081e-04]]
if condition:  [[19926.40901456]]
Sinv: 
 [[22.25929454 11.8302748   0.31058511]
 [11.8302748   8.366574    0.39831149]
 [ 0.31058511  0.39831149 40.79685218]]
y-h 
 [[-1.90670608]
 [ 0.56726219]
 [25.50624418]]
self.P 
 [[ 4.00020415e-04 -9.57884978e-11]
 [-9.57884978e-11  4.00000448e-04]]
if condition:  [[26580.48864791]]
Sinv: 
 [[22.5529343  11.41529017  0.69841772]
 [11.41529017  6.70196325  0.6967551 ]
 [ 0.69841772  0.6967551  40.74201319]]
y-h 
 [[-2.07213824]
 [ 0.79924954]
 [29.12908499]]
self.P 
 [[ 5.00081995e-04 -2.57052030e-10]
 [-2.57052030e-10  5.00001776e-04]]
if condition:  [[34581.1821944]]
Sinv: 
 [[22.22274693 10.92727406  1.26322336]
 [10.92727406  5.87499728  1.10738782]
 [ 1.26322336  1.10738782 40.61052859]]
y-h 
 [[-2.34147154]
 [ 1.39868712]
 [32.57544863]]
self.P 
 [[ 6.00243448e-04 -6.08987222e-10]
 [-6.08987222e-10  6.00005427e-04]]
if condition:  [[43064.22668176]]
Sinv: 
 [[21.5503749  10.49873721  2.00283642]
 [10.49873721  5.4323839   1.63860957]
 [ 2.00283642  1.63860957 40.35685734]]
y-h 
 [[-2.57314316]
 [ 2.32180436]
 [35.65541013]]
self.P 
 [[ 7.00591573e-04 -1.33029926e-09]
 [-1.33029926e-09  7.00013916e-04]]
if condition:  [[51256.32966452]]
Sinv: 
 [[20.74559696 10.15152427  2.89704946]
 [10.15152427  5.19684156  2.28658143]
 [ 2.89704946  2.28658143 39.93640683]]
y-h 
 [[-2.95197291]
 [ 3.70254071]
 [38.37326568]]
self.P 
 [[ 8.01245856e-04 -2.70392566e-09]
 [-2.70392566e-09  8.00031579e-04]]
if condition:  [[58830.1849557]]
Sinv: 
 [[20.00035497  9.8957554   3.91477468]
 [ 9.8957554   5.08240008  3.02887476]
 [ 3.91477468  3.02887476 39.30948997]]
y-h 
 [[-3.37769606]
 [ 5.44865034]
 [40.6974525 ]]
self.P 
 [[ 9.02352563e-04 -5.07337525e-09]
 [-5.07337525e-09  9.00064705e-04]]
if condition:  [[65389.45567168]]
Sinv: 
 [[19.38420416  9.74269785  5.01326072]
 [ 9.74269785  5.06453025  3.83689256]
 [ 5.01326072  3.83689256 38.44953213]]
y-h 
 [[-3.85434014]
 [ 7.47992572]
 [42.34119242]]
self.P 
 [[ 1.00407738e-03 -8.73791798e-09]
 [-8.73791798e-09  1.00012221e-03]]
if condition:  [[69735.03532652]]
Sinv: 
 [[18.94266428  9.70055828  6.14554094]
 [ 9.70055828  5.13215671  4.67537612]
 [ 6.14554094  4.67537612 37.34437687]]
y-h 
 [[-4.41232748]
 [ 9.8437447 ]
 [43.50862781]]
self.P 
 [[ 1.10659611e-03 -1.37228547e-08]
 [-1.37228547e-08  1.10021495e-03]]
if condition:  [[72361.59816023]]
Sinv: 
 [[18.31055221  9.74507169  7.19955975]
 [ 9.74507169  5.36397702  5.57744261]
 [ 7.19955975  5.57744261 36.09263237]]
y-h 
 [[-5.08683791]
 [11.95663741]
 [44.26864593]]
self.P 
 [[ 1.21008115e-03 -1.94723973e-08]
 [-1.94723973e-08  1.20035541e-03]]
if condition:  [[73448.25121843]]
Sinv: 
 [[17.22554482  9.82266982  8.04559953]
 [ 9.82266982  5.81194629  6.59026685]
 [ 8.04559953  6.59026685 34.87617786]]
y-h 
 [[-5.75700206]
 [13.90902315]
 [44.48704583]]
self.P 
 [[ 1.31469954e-03 -2.45303021e-08]
 [-2.45303021e-08  1.30055411e-03]]
if condition:  [[73180.14047663]]
Sinv: 
 [[15.60640076  9.85022559  8.56596056]
 [ 9.85022559  6.48886409  7.74032156]
 [ 8.56596056  7.74032156 33.87250235]]
y-h 
 [[-6.30265413]
 [15.44564799]
 [44.27585089]]
self.P 
 [[ 1.42059800e-03 -2.63059786e-08]
 [-2.63059786e-08  1.40081907e-03]]
if condition:  [[72458.13816603]]
Sinv: 
 [[13.43258056  9.70726396  8.63850957]
 [ 9.70726396  7.39387881  9.04017567]
 [ 8.63850957  9.04017567 33.20586739]]
y-h 
 [[-6.72269199]
 [16.51350939]
 [43.63558427]]
self.P 
 [[ 1.52790703e-03 -2.10376036e-08]
 [-2.10376036e-08  1.50115385e-03]]
if condition:  [[71654.24582227]]
Sinv: 
 [[10.80467192  9.25056574  8.14448693]
 [ 9.25056574  8.49102941 10.4606276 ]
 [ 8.14448693 10.4606276  32.89775714]]
y-h 
 [[-7.15373014]
 [17.09738117]
 [42.77456943]]
self.P 
 [[ 1.63674030e-03 -3.91167333e-09]
 [-3.91167333e-09  1.60155708e-03]]
if condition:  [[71280.01830826]]
Sinv: 
 [[ 7.94742206  8.34413687  6.98876933]
 [ 8.34413687  9.69997198 11.91974181]
 [ 6.98876933 11.91974181 32.86358803]]
y-h 
 [[-7.75080844]
 [17.08863082]
 [41.62067161]]
self.P 
 [[1.74720058e-03 3.06872600e-08]
 [3.06872600e-08 1.70202329e-03]]
if condition:  [[70475.14600968]]
Sinv: 
 [[ 5.24306615  6.93997282  5.18579403]
 [ 6.93997282 10.88063024 13.27106568]
 [ 5.18579403 13.27106568 32.92303506]]
y-h 
 [[-7.94635223]
 [16.60693708]
 [40.25298392]]
self.P 
 [[1.85936209e-03 8.91933163e-08]
 [8.91933163e-08 1.80254657e-03]]
if condition:  [[69270.81546935]]
Sinv: 
 [[ 3.0562871   5.09950962  2.8647916 ]
 [ 5.09950962 11.88686402 14.36728397]
 [ 2.8647916  14.36728397 32.89077338]]
y-h 
 [[-8.1704185 ]
 [15.73860775]
 [38.64640482]]
self.P 
 [[1.97327533e-03 1.78323354e-07]
 [1.78323354e-07 1.90311596e-03]]
if condition:  [[66629.15403887]]
Sinv: 
 [[ 1.64990653  3.02506752  0.29804678]
 [ 3.02506752 12.60305426 15.1037819 ]
 [ 0.29804678 15.1037819  32.63596042]]
y-h 
 [[-7.69700919]
 [14.69239834]
 [36.97506507]]
self.P 
 [[2.08896760e-03 3.04914396e-07]
 [3.04914396e-07 2.00371956e-03]]
if condition:  [[62993.24536975]]
Sinv: 
 [[ 1.05336727  0.95008765 -2.23236342]
 [ 0.95008765 12.99911651 15.47219005]
 [-2.23236342 15.47219005 32.13747545]]
y-h 
 [[-8.33051976]
 [13.50614777]
 [35.07815054]]
self.P 
 [[2.20642657e-03 4.75867612e-07]
 [4.75867612e-07 2.10434584e-03]]
if condition:  [[57740.18559073]]
Sinv: 
 [[ 1.11125738 -0.91339153 -4.48737806]
 [-0.91339153 13.11980997 15.5439863 ]
 [-4.48737806 15.5439863  31.4625282 ]]
y-h 
 [[-8.21745971]
 [12.42675816]
 [33.16027185]]
self.P 
 [[2.32561368e-03 6.97507333e-07]
 [6.97507333e-07 2.20498188e-03]]
if condition:  [[52140.03816996]]
Sinv: 
 [[ 1.58207913 -2.47125606 -6.37197793]
 [-2.47125606 13.0502526  15.42489413]
 [-6.37197793 15.42489413 30.70988264]]
y-h 
 [[-8.06728219]
 [11.30229448]
 [31.05945171]]
self.P 
 [[2.44645253e-03 9.76565664e-07]
 [9.76565664e-07 2.30562016e-03]]
if condition:  [[45868.98007364]]
Sinv: 
 [[ 2.25941247 -3.72256492 -7.89674325]
 [-3.72256492 12.86966852 15.20506222]
 [-7.89674325 15.20506222 29.95706066]]
y-h 
 [[-7.91630621]
 [10.31875279]
 [29.00169627]]
self.P 
 [[2.56887219e-03 1.31955986e-06]
 [1.31955986e-06 2.40625490e-03]]
if condition:  [[40043.45590953]]
Sinv: 
 [[ 2.99728378 -4.69593096 -9.10057445]
 [-4.69593096 12.63797574 14.94996149]
 [-9.10057445 14.94996149 29.25649715]]
y-h 
 [[-7.12838194]
 [ 9.45100853]
 [26.80082498]]
self.P 
 [[2.69269208e-03 1.73162728e-06]
 [1.73162728e-06 2.50687654e-03]]
if condition:  [[33979.12277132]]
Sinv: 
 [[  3.71325758  -5.44344388 -10.04596689]
 [ -5.44344388  12.39268568  14.69713977]
 [-10.04596689  14.69713977  28.6301998 ]]
y-h 
 [[-6.65654201]
 [ 8.72566297]
 [24.65592646]]
self.P 
 [[2.81778165e-03 2.21743050e-06]
 [2.21743050e-06 2.60747923e-03]]
if condition:  [[28766.55451974]]
Sinv: 
 [[  4.36842984  -6.0155232  -10.79052991]
 [ -6.0155232   12.15438997  14.4651617 ]
 [-10.79052991  14.4651617   28.08277124]]
y-h 
 [[-5.98587382]
 [ 8.10196912]
 [22.50853381]]
self.P 
 [[2.94394488e-03 2.78106812e-06]
 [2.78106812e-06 2.70805825e-03]]
if condition:  [[23949.04419885]]
Sinv: 
 [[  4.94351004  -6.44939741 -11.37549412]
 [ -6.44939741  11.93543598  14.26447514]
 [-11.37549412  14.26447514  27.61347332]]
y-h 
 [[-5.82481512]
 [ 7.51333337]
 [20.53859323]]
self.P 
 [[3.07100425e-03 3.42664809e-06]
 [3.42664809e-06 2.80861166e-03]]
if condition:  [[20178.45687168]]
Sinv: 
 [[  5.44875118  -6.78644524 -11.84601306]
 [ -6.78644524  11.73630751  14.09158968]
 [-11.84601306  14.09158968  27.20778305]]
y-h 
 [[-5.54703955]
 [ 7.07171344]
 [18.4781696 ]]
self.P 
 [[3.19871837e-03 4.15625982e-06]
 [4.15625982e-06 2.90913558e-03]]
if condition:  [[16688.07746851]]
Sinv: 
 [[  5.90521406  -7.06257952 -12.24296176]
 [ -7.06257952  11.55132431  13.93621479]
 [-12.24296176  13.93621479  26.84531048]]
y-h 
 [[-4.19709101]
 [ 6.72271327]
 [16.62985887]]
self.P 
 [[3.32689492e-03 4.97168055e-06]
 [4.97168055e-06 3.00962830e-03]]
if condition:  [[13273.88774549]]
Sinv: 
 [[  6.3199902   -7.29239445 -12.58189253]
 [ -7.29239445  11.37947316  13.79620039]
 [-12.58189253  13.79620039  26.5196215 ]]
y-h 
 [[-4.3385355 ]
 [ 6.30563871]
 [14.78586366]]
self.P 
 [[3.45529329e-03 5.87593641e-06]
 [5.87593641e-06 3.11009086e-03]]
if condition:  [[10954.9766597]]
Sinv: 
 [[  6.69789733  -7.48541092 -12.87303213]
 [ -7.48541092  11.22013425  13.67031995]
 [-12.87303213  13.67031995  26.22641283]]
y-h 
 [[-4.35302874]
 [ 5.99914655]
 [12.95274655]]
self.P 
 [[3.58371326e-03 6.86608580e-06]
 [6.86608580e-06 3.21051894e-03]]
if condition:  [[8897.95699168]]
Sinv: 
 [[  7.04955222  -7.65372267 -13.13088787]
 [ -7.65372267  11.06961347  13.55318574]
 [-13.13088787  13.55318574  25.9562575 ]]
y-h 
 [[-3.34223768]
 [ 5.69777637]
 [11.40053834]]
self.P 
 [[3.71198040e-03 7.94263496e-06]
 [7.94263496e-06 3.31091362e-03]]
if condition:  [[6864.6456102]]
Sinv: 
 [[  7.37109067  -7.79782899 -13.35618075]
 [ -7.79782899  10.92954476  13.44722803]
 [-13.35618075  13.44722803  25.71104464]]
y-h 
 [[-3.1729708 ]
 [ 5.40323288]
 [ 9.93839584]]
self.P 
 [[3.83997741e-03 9.10653722e-06]
 [9.10653722e-06 3.41127668e-03]]
if condition:  [[5486.77000632]]
Sinv: 
 [[  7.68745213  -7.93279199 -13.5649991 ]
 [ -7.93279199  10.79183593  13.34170218]
 [-13.5649991   13.34170218  25.47622803]]
y-h 
 [[-2.88755816]
 [ 5.2163086 ]
 [ 8.22709148]]
self.P 
 [[3.96728538e-03 1.03489218e-05]
 [1.03489218e-05 3.51160333e-03]]
if condition:  [[4110.70086083]]
Sinv: 
 [[  7.99436989  -8.05677021 -13.75525305]
 [ -8.05677021  10.65752902  13.23892606]
 [-13.75525305  13.23892606  25.25533227]]
y-h 
 [[-2.79029938]
 [ 4.90556434]
 [ 6.59434666]]
self.P 
 [[4.09346294e-03 1.16604824e-05]
 [1.16604824e-05 3.61189114e-03]]
if condition:  [[3000.24222273]]
Sinv: 
 [[  8.30949182  -8.1781977  -13.9362398 ]
 [ -8.1781977   10.52082502  13.13151376]
 [-13.9362398   13.13151376  25.03882482]]
y-h 
 [[-2.98096145]
 [ 4.71040159]
 [ 4.9218556 ]]
self.P 
 [[4.21808865e-03 1.30214154e-05]
 [1.30214154e-05 3.71213482e-03]]
if condition:  [[2161.3208998]]
Sinv: 
 [[  8.6215965   -8.29061131 -14.10052232]
 [ -8.29061131  10.38526888  13.02546079]
 [-14.10052232  13.02546079  24.83572785]]
y-h 
 [[-1.99924042]
 [ 4.50124951]
 [ 3.27621374]]
self.P 
 [[4.34063113e-03 1.44202569e-05]
 [1.44202569e-05 3.81233598e-03]]
if condition:  [[1229.56013461]]
Sinv: 
 [[  8.91982649  -8.38931988 -14.24345259]
 [ -8.38931988  10.25440256  12.92608397]
 [-14.24345259  12.92608397  24.6529    ]]
y-h 
 [[-1.03681758]
 [ 4.279012  ]
 [ 1.75965307]]
self.P 
 [[4.46081003e-03 1.58429094e-05]
 [1.58429094e-05 3.91249644e-03]]
if condition:  [[594.7488453]]
Sinv: 
 [[  9.22769656  -8.48535243 -14.3783809 ]
 [ -8.48535243  10.12062746  12.82263788]
 [-14.3783809   12.82263788  24.47488182]]
y-h 
 [[-0.15571673]
 [ 4.04067882]
 [ 0.44995287]]
self.P 
 [[4.57843955e-03 1.72801367e-05]
 [1.72801367e-05 4.01262037e-03]]
if condition:  [[229.73812316]]
Sinv: 
 [[  9.52839837  -8.5718014  -14.49916357]
 [ -8.5718014    9.98899832  12.72231818]
 [-14.49916357  12.72231818  24.31076334]]
y-h 
 [[ 0.74111438]
 [ 3.89934489]
 [-0.58737014]]
self.P 
 [[4.69358156e-03 1.87274918e-05]
 [1.87274918e-05 4.11271288e-03]]
if condition:  [[70.30565663]]
Sinv: 
 [[  9.80001857  -8.64059651 -14.59752032]
 [ -8.64059651   9.86662699  12.63506994]
 [-14.59752032  12.63506994  24.17316392]]
y-h 
 [[ 1.69431715]
 [ 3.7667326 ]
 [-1.43491496]]
self.P 
 [[4.80636928e-03 2.01824675e-05]
 [2.01824675e-05 4.21277864e-03]]
if condition:  [[42.00165278]]
Sinv: 
 [[ 10.00343006  -8.67866462 -14.65937397]
 [ -8.67866462   9.76584868  12.57813469]
 [-14.65937397  12.57813469  24.08450348]]
y-h 
 [[ 1.59269004]
 [ 3.59856309]
 [-1.96550675]]
self.P 
 [[4.91708212e-03 2.16518831e-05]
 [2.16518831e-05 4.31282301e-03]]
if condition:  [[59.25201397]]
Sinv: 
 [[ 10.11350739  -8.68045781 -14.67894297]
 [ -8.68045781   9.69408567  12.56147072]
 [-14.67894297  12.56147072  24.05661883]]
y-h 
 [[ 1.7584133 ]
 [ 3.47010064]
 [-2.26137854]]
self.P 
 [[5.02602993e-03 2.31511648e-05]
 [2.31511648e-05 4.41285116e-03]]
if condition:  [[84.68567721]]
Sinv: 
 [[ 10.10967492  -8.64210641 -14.65198697]
 [ -8.64210641   9.65711916  12.59260221]
 [-14.65198697  12.59260221  24.09775801]]
y-h 
 [[ 1.33687303]
 [ 3.49065374]
 [-2.30955639]]
self.P 
 [[5.13366089e-03 2.46890633e-05]
 [2.46890633e-05 4.51286574e-03]]
if condition:  [[71.05672673]]
Sinv: 
 [[  9.98613707  -8.56173747 -14.57445243]
 [ -8.56173747   9.65732654  12.67464591]
 [-14.57445243  12.67464591  24.21092445]]
y-h 
 [[ 0.33800037]
 [ 3.44951083]
 [-2.20352824]]
self.P 
 [[5.24031082e-03 2.62885588e-05]
 [2.62885588e-05 4.61287032e-03]]
if condition:  [[42.67429902]]
Sinv: 
 [[  9.73088606  -8.43443659 -14.43909455]
 [ -8.43443659   9.69827503  12.81225375]
 [-14.43909455  12.81225375  24.40083266]]
y-h 
 [[ 0.16650147]
 [ 3.4874702 ]
 [-1.82463519]]
self.P 
 [[5.34640341e-03 2.79720748e-05]
 [2.79720748e-05 4.71286725e-03]]
if condition:  [[35.38217593]]
Sinv: 
 [[  9.4766768   -8.31296565 -14.30718136]
 [ -8.31296565   9.73947741  12.94504123]
 [-14.30718136  12.94504123  24.57879335]]
y-h 
 [[ 1.09209188]
 [ 3.55636616]
 [-1.39247892]]
self.P 
 [[5.45221466e-03 2.97464818e-05]
 [2.97464818e-05 4.81285661e-03]]
if condition:  [[32.87232979]]
Sinv: 
 [[  9.22638005  -8.19911507 -14.18192361]
 [ -8.19911507   9.77980722  13.07125195]
 [-14.18192361  13.07125195  24.74183147]]
y-h 
 [[ 0.69856543]
 [ 3.58412965]
 [-0.84896418]]
self.P 
 [[5.55803669e-03 3.16331859e-05]
 [3.16331859e-05 4.91283964e-03]]
if condition:  [[44.18408247]]
Sinv: 
 [[  8.98316338  -8.09283227 -14.06314262]
 [ -8.09283227   9.81932806  13.19101696]
 [-14.06314262  13.19101696  24.88998744]]
y-h 
 [[ 0.7989378 ]
 [ 3.6069389 ]
 [-0.30077223]]
self.P 
 [[5.66416287e-03 3.36444507e-05]
 [3.36444507e-05 5.01281632e-03]]
if condition:  [[67.23030171]]
Sinv: 
 [[  8.7812544   -8.00561997 -13.96341009]
 [ -8.00561997   9.84981296  13.292545  ]
 [-13.96341009  13.292545    25.00693788]]
y-h 
 [[0.98966285]
 [3.57805103]
 [0.23600142]]
self.P 
 [[5.77056033e-03 3.57908782e-05]
 [3.57908782e-05 5.11278628e-03]]
if condition:  [[95.32482976]]
Sinv: 
 [[  8.66815457  -7.96322581 -13.91778015]
 [ -7.96322581   9.85498692  13.35124082]
 [-13.91778015  13.35124082  25.05626315]]
y-h 
 [[0.66104848]
 [3.58505831]
 [0.85014436]]
self.P 
 [[5.87744084e-03 3.80646738e-05]
 [3.80646738e-05 5.21274730e-03]]
if condition:  [[176.55679511]]
Sinv: 
 [[  8.56343692  -7.92435525 -13.87388879]
 [ -7.92435525   9.86085574  13.40757674]
 [-13.87388879  13.40757674  25.09987364]]
y-h 
 [[0.42113856]
 [3.54938417]
 [1.36768552]]
self.P 
 [[5.98473583e-03 4.04754118e-05]
 [4.04754118e-05 5.31269879e-03]]
if condition:  [[263.19793306]]
Sinv: 
 [[  8.50592796  -7.90756056 -13.85558349]
 [ -7.90756056   9.8552851   13.44337509]
 [-13.85558349  13.44337509  25.11109062]]
y-h 
 [[-0.08921305]
 [ 3.4809322 ]
 [ 1.70790117]]
self.P 
 [[6.09242422e-03 4.30171142e-05]
 [4.30171142e-05 5.41263873e-03]]
if condition:  [[361.70796649]]
Sinv: 
 [[  8.46646928  -7.89796056 -13.84422022]
 [ -7.89796056   9.8471588   13.47274243]
 [-13.84422022  13.47274243  25.11189023]]
y-h 
 [[-0.54571945]
 [ 3.53505169]
 [ 2.17269907]]
self.P 
 [[6.20043725e-03 4.56802033e-05]
 [4.56802033e-05 5.51256498e-03]]
if condition:  [[514.38100567]]
Sinv: 
 [[  8.41546054  -7.88126359 -13.82154395]
 [ -7.88126359   9.84541089  13.50950252]
 [-13.82154395  13.50950252  25.12311787]]
y-h 
 [[-0.87046185]
 [ 3.52044643]
 [ 2.53235394]]
self.P 
 [[6.30867360e-03 4.84653290e-05]
 [4.84653290e-05 5.61247632e-03]]
if condition:  [[639.61782177]]
Sinv: 
 [[  8.41092143  -7.88512611 -13.82293981]
 [ -7.88512611   9.83216356  13.52669207]
 [-13.82293981  13.52669207  25.1049473 ]]
y-h 
 [[-0.71650838]
 [ 3.51965759]
 [ 2.8340656 ]]
self.P 
 [[6.41694362e-03 5.13534190e-05]
 [5.13534190e-05 5.71237031e-03]]
if condition:  [[693.52483234]]
Sinv: 
 [[  8.45874741  -7.9128898  -13.85413489]
 [ -7.9128898    9.80438177  13.52030104]
 [-13.85413489  13.52030104  25.05239091]]
y-h 
 [[-1.33950792]
 [ 3.56934285]
 [ 3.0415999 ]]
self.P 
 [[6.52516583e-03 5.43292046e-05]
 [5.43292046e-05 5.81224524e-03]]
if condition:  [[853.97778981]]
Sinv: 
 [[  8.4728577   -7.92355203 -13.86283474]
 [ -7.92355203   9.7877098   13.52990077]
 [-13.86283474  13.52990077  25.02525605]]
y-h 
 [[-1.11757428]
 [ 3.57082942]
 [ 3.28470236]]
self.P 
 [[6.63326892e-03 5.74017578e-05]
 [5.74017578e-05 5.91210103e-03]]
if condition:  [[887.79403667]]
Sinv: 
 [[  8.56918007  -7.9721963  -13.92058188]
 [ -7.9721963    9.74653643  13.5011894 ]
 [-13.92058188  13.5011894   24.9422662 ]]
y-h 
 [[-0.63429765]
 [ 3.58038104]
 [ 3.5204489 ]]
self.P 
 [[6.74118457e-03 6.05488303e-05]
 [6.05488303e-05 6.01193604e-03]]
if condition:  [[876.24586281]]
Sinv: 
 [[  8.65098914  -8.01313751 -13.9693924 ]
 [ -8.01313751   9.70920337  13.47817832]
 [-13.9693924   13.47817832  24.87052631]]
y-h 
 [[-0.6004216 ]
 [ 3.58276794]
 [ 3.70265307]]
self.P 
 [[6.84890216e-03 6.37635271e-05]
 [6.37635271e-05 6.11174980e-03]]
if condition:  [[922.8978726]]
Sinv: 
 [[  8.73684636  -8.05442229 -14.01920436]
 [ -8.05442229   9.67048914  13.45295111]
 [-14.01920436  13.45295111  24.79815789]]
y-h 
 [[-0.74749137]
 [ 3.55492163]
 [ 3.84996613]]
self.P 
 [[6.95634369e-03 6.70534756e-05]
 [6.70534756e-05 6.21154241e-03]]
if condition:  [[986.39437164]]
Sinv: 
 [[  8.82736559  -8.09755115 -14.07273847]
 [ -8.09755115   9.62946884  13.42402922]
 [-14.07273847  13.42402922  24.72267544]]
y-h 
 [[-0.77103698]
 [ 3.62953388]
 [ 4.06212472]]
self.P 
 [[7.06354292e-03 7.04160354e-05]
 [7.04160354e-05 6.31131352e-03]]
if condition:  [[1069.35977268]]
Sinv: 
 [[  8.89010486  -8.1284316  -14.11174638]
 [ -8.1284316    9.59593773  13.40622974]
 [-14.11174638  13.40622974  24.66590633]]
y-h 
 [[-1.16335905]
 [ 3.57736258]
 [ 4.21294468]]
self.P 
 [[7.17066428e-03 7.38548901e-05]
 [7.38548901e-05 6.41106291e-03]]
if condition:  [[1182.7108536]]
Sinv: 
 [[  8.94737224  -8.15422584 -14.14361433]
 [ -8.15422584   9.564964    13.39223107]
 [-14.14361433  13.39223107  24.61719498]]
y-h 
 [[-1.02509817]
 [ 3.6197949 ]
 [ 4.40734964]]
self.P 
 [[7.27754626e-03 7.73617141e-05]
 [7.73617141e-05 6.51079022e-03]]
if condition:  [[1228.54036638]]
Sinv: 
 [[  8.97121857  -8.16601364 -14.15794383]
 [ -8.16601364   9.54358381  13.39227819]
 [-14.15794383  13.39227819  24.5908361 ]]
y-h 
 [[-0.88540315]
 [ 3.60368486]
 [ 4.53370341]]
self.P 
 [[7.38427633e-03 8.09388189e-05]
 [8.09388189e-05 6.61049525e-03]]
if condition:  [[1239.80488747]]
Sinv: 
 [[  9.02047458  -8.18879869 -14.18693756]
 [ -8.18879869   9.514653    13.38008735]
 [-14.18693756  13.38008735  24.54710319]]
y-h 
 [[-0.97587502]
 [ 3.64175328]
 [ 4.68327142]]
self.P 
 [[7.49081958e-03 8.45857664e-05]
 [8.45857664e-05 6.71017778e-03]]
if condition:  [[1317.454053]]
Sinv: 
 [[  9.06637645  -8.21069876 -14.21569969]
 [ -8.21069876   9.48620939  13.3680696 ]
 [-14.21569969  13.3680696   24.50477662]]
y-h 
 [[-1.39128705]
 [ 3.69717949]
 [ 4.94269562]]
self.P 
 [[7.59729137e-03 8.83041207e-05]
 [8.83041207e-05 6.80983753e-03]]
if condition:  [[1514.43600257]]
Sinv: 
 [[  9.07024603  -8.21412766 -14.22015893]
 [ -8.21412766   9.47070387  13.37529216]
 [-14.22015893  13.37529216  24.49250299]]
y-h 
 [[-1.45079789]
 [ 3.76785074]
 [ 5.14245687]]
self.P 
 [[7.70375400e-03 9.20927593e-05]
 [9.20927593e-05 6.90947425e-03]]
if condition:  [[1621.5513335]]
Sinv: 
 [[  9.06009704  -8.21231401 -14.21769083]
 [ -8.21231401   9.45968962  13.38829883]
 [-14.21769083  13.38829883  24.48893444]]
y-h 
 [[-1.13352264]
 [ 3.86195077]
 [ 5.29913949]]
self.P 
 [[7.81027135e-03 9.59576234e-05]
 [9.59576234e-05 7.00908755e-03]]
if condition:  [[1631.08672385]]
Sinv: 
 [[  9.04131797  -8.20666284 -14.20945811]
 [ -8.20666284   9.45219735  13.40561372]
 [-14.20945811  13.40561372  24.49179348]]
y-h 
 [[-1.20127106]
 [ 3.92101277]
 [ 5.58421326]]
self.P 
 [[7.91682276e-03 9.98955061e-05]
 [9.98955061e-05 7.10867714e-03]]
if condition:  [[1777.10772189]]
Sinv: 
 [[  9.08714387  -8.2294718  -14.23934957]
 [ -8.2294718    9.42552238  13.39233653]
 [-14.23934957  13.39233653  24.44817006]]
y-h 
 [[-1.33409147]
 [ 3.99833946]
 [ 5.76688575]]
self.P 
 [[0.00802343 0.00010389]
 [0.00010389 0.00720824]]
if condition:  [[1904.42553344]]
Sinv: 
 [[  9.10820982  -8.24147545 -14.25515368]
 [ -8.24147545   9.40631191  13.39010634]
 [-14.25515368  13.39010634  24.42230847]]
y-h 
 [[-1.38115207]
 [ 4.03626057]
 [ 5.96246104]]
self.P 
 [[0.00813008 0.00010796]
 [0.00010796 0.00730779]]
if condition:  [[2010.01811849]]
Sinv: 
 [[  9.1357799   -8.25721595 -14.27667324]
 [ -8.25721595   9.38487043  13.38362118]
 [-14.27667324  13.38362118  24.39021571]]
y-h 
 [[-1.38590399]
 [ 4.05864501]
 [ 6.25091846]]
self.P 
 [[0.0082369 0.0001121]
 [0.0001121 0.0074073]]
if condition:  [[2144.50976576]]
Sinv: 
 [[  9.16534561  -8.27335181 -14.29884547]
 [ -8.27335181   9.36319256  13.376204  ]
 [-14.29884547  13.376204    24.35735334]]
y-h 
 [[-1.47827673]
 [ 4.18511099]
 [ 6.33307376]]
self.P 
 [[0.0083439  0.00011632]
 [0.00011632 0.0075068 ]]
if condition:  [[2240.11249969]]
Sinv: 
 [[  9.18463387  -8.28353481 -14.31242954]
 [ -8.28353481   9.34557229  13.37468413]
 [-14.31242954  13.37468413  24.33444946]]
y-h 
 [[-1.49120634]
 [ 4.29077325]
 [ 6.37659229]]
self.P 
 [[0.00845093 0.00012059]
 [0.00012059 0.00760626]]
if condition:  [[2292.01211142]]
Sinv: 
 [[  9.19737791  -8.28954326 -14.31966606]
 [ -8.28954326   9.33089115  13.37730195]
 [-14.31966606  13.37730195  24.31870448]]
y-h 
 [[-1.85707227]
 [ 4.30954673]
 [ 6.47708658]]
self.P 
 [[0.00855785 0.00012491]
 [0.00012491 0.00770571]]
if condition:  [[2449.22846015]]
Sinv: 
 [[  9.24646154  -8.31117816 -14.348479  ]
 [ -8.31117816   9.30521469  13.36232386]
 [-14.348479    13.36232386  24.2765352 ]]
y-h 
 [[-1.52263597]
 [ 4.34209538]
 [ 6.6617466 ]]
self.P 
 [[0.00866474 0.00012928]
 [0.00012928 0.00780513]]
if condition:  [[2448.25915654]]
Sinv: 
 [[  9.26088567  -8.31826665 -14.35788634]
 [ -8.31826665   9.28984423  13.36298554]
 [-14.35788634  13.36298554  24.25917051]]
y-h 
 [[-1.55982873]
 [ 4.50425929]
 [ 6.79590918]]
self.P 
 [[0.00877161 0.00013369]
 [0.00013369 0.00790453]]
if condition:  [[2570.78549632]]
Sinv: 
 [[  9.28724181  -8.3303828  -14.37424314]
 [ -8.3303828    9.27105718  13.35780185]
 [-14.37424314  13.35780185  24.2332689 ]]
y-h 
 [[-1.61078147]
 [ 4.54620788]
 [ 6.89549428]]
self.P 
 [[0.00887847 0.00013815]
 [0.00013815 0.0080039 ]]
if condition:  [[2646.76004476]]
Sinv: 
 [[  9.34693404  -8.35524705 -14.40798942]
 [ -8.35524705   9.24265498  13.33751966]
 [-14.40798942  13.33751966  24.18528446]]
y-h 
 [[-1.62235234]
 [ 4.59715277]
 [ 6.89520351]]
self.P 
 [[0.00898524 0.00014264]
 [0.00014264 0.00810325]]
if condition:  [[2662.32724577]]
Sinv: 
 [[  9.40658084  -8.37891292 -14.44043093]
 [ -8.37891292   9.21426399  13.31739238]
 [-14.44043093  13.31739238  24.139144  ]]
y-h 
 [[-1.61216811]
 [ 4.70579502]
 [ 7.03265592]]
self.P 
 [[0.00909183 0.00014716]
 [0.00014716 0.00820258]]
if condition:  [[2758.41143953]]
Sinv: 
 [[  9.48956952  -8.40408201 -14.47206705]
 [ -8.40408201   9.18222485  13.29285767]
 [-14.47206705  13.29285767  24.0899428 ]]
y-h 
 [[-1.46306899]
 [ 4.77106896]
 [ 6.73856238]]
self.P 
 [[0.00919745 0.00015162]
 [0.00015162 0.0083019 ]]
if condition:  [[2580.63255469]]
Sinv: 
 [[  9.62124462  -8.43245089 -14.5018284 ]
 [ -8.43245089   9.14266523  13.25955981]
 [-14.5018284   13.25955981  24.03409151]]
y-h 
 [[-1.17804516]
 [ 4.8655859 ]
 [ 6.07464957]]
self.P 
 [[0.00930054 0.00015592]
 [0.00015592 0.00840121]]
if condition:  [[2204.72822965]]
Sinv: 
 [[  9.83083246  -8.47642288 -14.54872856]
 [ -8.47642288   9.08536804  13.20188066]
 [-14.54872856  13.20188066  23.94800091]]
y-h 
 [[-0.80341137]
 [ 4.93707514]
 [ 5.46477728]]
self.P 
 [[0.00940028 0.00015995]
 [0.00015995 0.00850054]]
if condition:  [[1850.34556348]]
Sinv: 
 [[ 10.07854308  -8.52445985 -14.60044985]
 [ -8.52445985   9.0189647   13.13286577]
 [-14.60044985  13.13286577  23.85095063]]
y-h 
 [[-0.42587675]
 [ 5.0391537 ]
 [ 5.08233324]]
self.P 
 [[0.00949671 0.0001637 ]
 [0.0001637  0.00859988]]
if condition:  [[1619.39433232]]
Sinv: 
 [[ 10.42557075  -8.58223409 -14.6589431 ]
 [ -8.58223409   8.93444506  13.04005496]
 [-14.6589431   13.04005496  23.72663918]]
y-h 
 [[0.04422019]
 [5.11267796]
 [4.27803823]]
self.P 
 [[0.00958912 0.0001671 ]
 [0.0001671  0.00869926]]
if condition:  [[1228.80119523]]
Sinv: 
 [[ 10.66471978  -8.59390586 -14.65648521]
 [ -8.59390586   8.88147875  12.99851075]
 [-14.65648521  12.99851075  23.68650742]]
y-h 
 [[0.37843442]
 [5.21488961]
 [4.1600692 ]]
self.P 
 [[0.00967821 0.00017024]
 [0.00017024 0.00879867]]
if condition:  [[1136.90203623]]
Sinv: 
 [[ 10.79141184  -8.5634902  -14.59812927]
 [ -8.5634902    8.86077909  13.00802329]
 [-14.59812927  13.00802329  23.72777454]]
y-h 
 [[0.57505465]
 [5.24872694]
 [4.05365879]]
self.P 
 [[0.00976466 0.00017315]
 [0.00017315 0.0088981 ]]
if condition:  [[1071.352263]]
Sinv: 
 [[ 10.94335185  -8.54696367 -14.56215353]
 [ -8.54696367   8.82920273  13.00012715]
 [-14.56215353  13.00012715  23.7423858 ]]
y-h 
 [[0.80833382]
 [5.43798647]
 [3.9618091 ]]
self.P 
 [[0.00984907 0.00017587]
 [0.00017587 0.00899755]]
if condition:  [[1032.65066469]]
Sinv: 
 [[ 10.89419091  -8.48079931 -14.4656726 ]
 [ -8.48079931   8.84298913  13.06161845]
 [-14.4656726   13.06161845  23.86274026]]
y-h 
 [[0.89220258]
 [5.50862329]
 [4.12458604]]
self.P 
 [[0.0099323  0.00017849]
 [0.00017849 0.00909702]]
if condition:  [[1086.6811164]]
Sinv: 
 [[ 10.67623878  -8.38270289 -14.33312507]
 [ -8.38270289   8.88921951  13.17114784]
 [-14.33312507  13.17114784  24.05343624]]
y-h 
 [[0.86861678]
 [5.66188055]
 [4.46207893]]
self.P 
 [[0.01001515 0.00018108]
 [0.00018108 0.00919649]]
if condition:  [[1243.87073515]]
Sinv: 
 [[ 10.45167476  -8.2654319  -14.16653793]
 [ -8.2654319    8.94673617  13.29820886]
 [-14.16653793  13.29820886  24.27188491]]
y-h 
 [[0.92025703]
 [5.83506573]
 [4.39261425]]
self.P 
 [[0.01009735 0.00018361]
 [0.00018361 0.00929596]]
if condition:  [[1260.19649577]]
Sinv: 
 [[ 10.28560212  -8.13725433 -13.97278231]
 [ -8.13725433   9.00553447  13.42796233]
 [-13.97278231  13.42796233  24.49659858]]
y-h 
 [[1.03365971]
 [5.95431102]
 [4.35150671]]
self.P 
 [[0.01017838 0.00018602]
 [0.00018602 0.00939546]]
if condition:  [[1264.10761477]]
Sinv: 
 [[ 10.10836353  -8.02188162 -13.80053607]
 [ -8.02188162   9.05799999  13.54530264]
 [-13.80053607  13.54530264  24.69814577]]
y-h 
 [[1.04330307]
 [6.08777443]
 [4.66470809]]
self.P 
 [[0.01025867 0.00018835]
 [0.00018835 0.00949496]]
if condition:  [[1417.20473465]]
Sinv: 
 [[  9.98631482  -7.94050767 -13.67850378]
 [ -7.94050767   9.08857237  13.62612014]
 [-13.67850378  13.62612014  24.83961415]]
y-h 
 [[1.09864758]
 [6.24525456]
 [4.84791865]]
self.P 
 [[0.01033843 0.00019062]
 [0.00019062 0.00959447]]
if condition:  [[1520.75512459]]
Sinv: 
 [[  9.72419051  -7.82533038 -13.51331172]
 [ -7.82533038   9.14620616  13.74764229]
 [-13.51331172  13.74764229  25.04174649]]
y-h 
 [[1.03340211]
 [6.25629186]
 [5.24016973]]
self.P 
 [[0.01041808 0.00019289]
 [0.00019289 0.00969398]]
if condition:  [[1709.87479283]]
Sinv: 
 [[  9.35133183  -7.69262078 -13.32865935]
 [ -7.69262078   9.21956601  13.89097864]
 [-13.32865935  13.89097864  25.27297341]]
y-h 
 [[0.98054418]
 [6.47632479]
 [5.67293944]]
self.P 
 [[0.01049816 0.00019521]
 [0.00019521 0.00979348]]
if condition:  [[1983.74531208]]
Sinv: 
 [[  9.18964324  -7.58438791 -13.16065676]
 [ -7.58438791   9.26720739  13.99494668]
 [-13.16065676  13.99494668  25.4456735 ]]
y-h 
 [[1.00578385]
 [6.52531435]
 [5.36160619]]
self.P 
 [[0.01057765 0.00019747]
 [0.00019747 0.00989299]]
if condition:  [[1873.13840741]]
Sinv: 
 [[  9.22843283  -7.51493075 -13.03611397]
 [ -7.51493075   9.28371183  14.05076136]
 [-13.03611397  14.05076136  25.54575191]]
y-h 
 [[1.14248273]
 [6.60466729]
 [5.30678597]]
self.P 
 [[0.01065595 0.00019958]
 [0.00019958 0.00999253]]
if condition:  [[1849.89627469]]
Sinv: 
 [[  9.40733566  -7.40742386 -12.83489108]
 [ -7.40742386   9.30944604  14.12573271]
 [-12.83489108  14.12573271  25.68524394]]
y-h 
 [[1.34652433]
 [6.71126465]
 [4.95968663]]
self.P 
 [[0.01073209 0.00020147]
 [0.00020147 0.0100921 ]]
if condition:  [[1703.24264586]]
Sinv: 
 [[  9.91450297  -7.24267696 -12.51160175]
 [ -7.24267696   9.34225278  14.21980541]
 [-12.51160175  14.21980541  25.87036992]]
y-h 
 [[1.69336177]
 [6.78150352]
 [4.51376279]]
self.P 
 [[0.01080506 0.000203  ]
 [0.000203   0.01019173]]
if condition:  [[1498.08577698]]
Sinv: 
 [[ 10.33369262  -7.07532949 -12.19777871]
 [ -7.07532949   9.38017423  14.3199975 ]
 [-12.19777871  14.3199975   26.0620082 ]]
y-h 
 [[1.90899692]
 [6.84208461]
 [4.7607373 ]]
self.P 
 [[0.01087598 0.00020431]
 [0.00020431 0.0102914 ]]
if condition:  [[1593.82835991]]
Sinv: 
 [[ 10.45011416  -6.99394721 -12.05261776]
 [ -6.99394721   9.39415831  14.3740588 ]
 [-12.05261776  14.3740588   26.16638114]]
y-h 
 [[1.92095039]
 [6.93899504]
 [5.11332045]]
self.P 
 [[0.0109464  0.00020551]
 [0.00020551 0.01039109]]
if condition:  [[1771.83178743]]
Sinv: 
 [[ 10.14177238  -6.92506795 -11.96204123]
 [ -6.92506795   9.4252287   14.44873641]
 [-11.96204123  14.44873641  26.29164571]]
y-h 
 [[1.88821087]
 [7.01873946]
 [5.54280828]]
self.P 
 [[0.0110172  0.00020674]
 [0.00020674 0.01049078]]
if condition:  [[1998.49256011]]
Sinv: 
 [[  9.63425729  -6.86358351 -11.89886811]
 [ -6.86358351   9.4631821   14.53029386]
 [-11.89886811  14.53029386  26.42063187]]
y-h 
 [[1.77493497]
 [7.05876264]
 [5.92964538]]
self.P 
 [[0.01108896 0.00020804]
 [0.00020804 0.01059046]]
if condition:  [[2224.74157482]]
Sinv: 
 [[  9.4034984   -6.72712765 -11.68864553]
 [ -6.72712765   9.51986041  14.64693289]
 [-11.68864553  14.64693289  26.6154881 ]]
y-h 
 [[1.72492612]
 [7.09508637]
 [5.94071667]]
self.P 
 [[0.01116066 0.00020933]
 [0.00020933 0.01069014]]
if condition:  [[2277.04739947]]
Sinv: 
 [[  9.39318269  -6.65039865 -11.55801738]
 [ -6.65039865   9.53971587  14.7046041 ]
 [-11.55801738  14.7046041   26.71717461]]
y-h 
 [[1.75065261]
 [7.27976933]
 [6.12275664]]
self.P 
 [[0.01123208 0.00021054]
 [0.00021054 0.01078983]]
if condition:  [[2429.47130426]]
Sinv: 
 [[  9.09088789  -6.57381226 -11.4506078 ]
 [ -6.57381226   9.57290743  14.77926991]
 [-11.4506078   14.77926991  26.83820492]]
y-h 
 [[1.74215885]
 [7.23861186]
 [6.77978451]]
self.P 
 [[0.01130396 0.00021177]
 [0.00021177 0.01088952]]
if condition:  [[2777.14187348]]
Sinv: 
 [[  9.0840988   -6.39654103 -11.15351208]
 [ -6.39654103   9.63413897  14.90507487]
 [-11.15351208  14.90507487  27.05286249]]
y-h 
 [[1.80572672]
 [7.27588238]
 [6.38259998]]
self.P 
 [[0.01137515 0.00021292]
 [0.00021292 0.01098923]]
if condition:  [[2600.8873458]]
Sinv: 
 [[  9.39265257  -6.21514199 -10.82627347]
 [ -6.21514199   9.68247258  15.01325545]
 [-10.82627347  15.01325545  27.24582985]]
y-h 
 [[1.93288811]
 [7.30874344]
 [6.38304427]]
self.P 
 [[0.01144518 0.0002139 ]
 [0.0002139  0.01108897]]
if condition:  [[2620.44346846]]
Sinv: 
 [[ 10.05205274  -5.96279476 -10.36115312]
 [ -5.96279476   9.74347658  15.14691541]
 [-10.36115312  15.14691541  27.48964629]]
y-h 
 [[2.08251096]
 [7.42737384]
 [6.11185678]]
self.P 
 [[0.01151354 0.00021465]
 [0.00021465 0.01118875]]
if condition:  [[2534.94782822]]
Sinv: 
 [[12.2173823  -5.41460607 -9.32839154]
 [-5.41460607  9.8595929  15.38835864]
 [-9.32839154 15.38835864 27.94195657]]
y-h 
 [[2.43606604]
 [7.48923439]
 [5.31941121]]
self.P 
 [[0.01157885 0.00021502]
 [0.00021502 0.01128861]]
if condition:  [[2202.92233439]]
Sinv: 
 [[18.12568375 -4.12388166 -6.9392943 ]
 [-4.12388166 10.11823707 15.89106979]
 [-6.9392943  15.89106979 28.87065992]]
y-h 
 [[2.84540067]
 [7.44142479]
 [4.77672404]]
self.P 
 [[0.01164034 0.00021494]
 [0.00021494 0.01138855]]
if condition:  [[2132.23691689]]
Sinv: 
 [[35.27889566 -0.8585849  -1.1930218 ]
 [-0.8585849  10.7142305  16.96292307]
 [-1.1930218  16.96292307 30.7474603 ]]
y-h 
 [[3.27161487]
 [7.47450528]
 [3.90616071]]
self.P 
 [[0.01169725 0.00021426]
 [0.00021426 0.01148861]]
if condition:  [[2363.3755393]]
Sinv: 
 [[36.5733298  -1.0043182  -2.10893252]
 [-1.0043182  10.58652158 16.64264896]
 [-2.10893252 16.64264896 29.97077157]]
y-h 
 [[3.76054693]
 [7.52911249]
 [3.44742834]]
self.P 
 [[0.0117502  0.00021302]
 [0.00021302 0.01158879]]
if condition:  [[2225.93155444]]
Sinv: 
 [[21.35889203 -4.01881428 -7.67195234]
 [-4.01881428  9.96888954 15.54976512]
 [-7.67195234 15.54976512 28.01077563]]
y-h 
 [[4.15262498]
 [7.56782008]
 [2.86691046]]
self.P 
 [[0.01179968 0.00021127]
 [0.00021127 0.01168907]]
if condition:  [[1408.95993375]]
Sinv: 
 [[14.68851265 -5.35069717 -9.97415202]
 [-5.35069717  9.67704637 15.08366666]
 [-9.97415202 15.08366666 27.24594185]]
y-h 
 [[4.46592309]
 [7.61718842]
 [2.64605511]]
self.P 
 [[0.01184647 0.00020908]
 [0.00020908 0.01178945]]
if condition:  [[1053.46666775]]
Sinv: 
 [[ 11.86017937  -5.96849478 -10.99318286]
 [ -5.96849478   9.5165845   14.85220758]
 [-10.99318286  14.85220758  26.8976556 ]]
y-h 
 [[4.69633677]
 [7.65865984]
 [2.44240376]]
self.P 
 [[0.0118913  0.00020656]
 [0.00020656 0.0118899 ]]
if condition:  [[854.33299431]]
Sinv: 
 [[ 11.22650305  -6.26404744 -11.45101635]
 [ -6.26404744   9.39653826  14.6868285 ]
 [-11.45101635  14.6868285   26.65576835]]
y-h 
 [[4.84760199]
 [7.69045815]
 [2.97177957]]
self.P 
 [[0.01193576 0.0002039 ]
 [0.0002039  0.01199037]]
if condition:  [[929.30296453]]
Sinv: 
 [[ 12.22084529  -6.32718085 -11.51702795]
 [ -6.32718085   9.30132296  14.55708874]
 [-11.51702795  14.55708874  26.46185224]]
y-h 
 [[4.6855239 ]
 [7.70574794]
 [3.84016243]]
self.P 
 [[0.01198193 0.00020139]
 [0.00020139 0.01209081]]
if condition:  [[1201.00573449]]
Sinv: 
 [[ 14.29878754  -6.44241461 -11.63590366]
 [ -6.44241461   9.11902378  14.2753185 ]
 [-11.63590366  14.2753185   26.0036713 ]]
y-h 
 [[4.50818586]
 [7.80935566]
 [4.29211513]]
self.P 
 [[0.0120304  0.00019905]
 [0.00019905 0.01219121]]
if condition:  [[1378.83801945]]
Sinv: 
 [[ 17.56656704  -6.47223595 -11.57911964]
 [ -6.47223595   8.86975892  13.87825058]
 [-11.57911964  13.87825058  25.3475384 ]]
y-h 
 [[4.29850801]
 [7.81962925]
 [5.030686  ]]
self.P 
 [[0.01208132 0.00019696]
 [0.00019696 0.01229156]]
if condition:  [[1664.43134953]]
Sinv: 
 [[ 25.21867356  -5.75577636 -10.16951349]
 [ -5.75577636   8.53956418  13.35105461]
 [-10.16951349  13.35105461  24.48402729]]
y-h 
 [[4.01052779]
 [7.88758872]
 [6.20565866]]
self.P 
 [[0.01213562 0.00019525]
 [0.00019525 0.01239183]]
if condition:  [[2316.45112546]]
Sinv: 
 [[38.82391586 -2.05618994 -3.55726657]
 [-2.05618994  8.53836767 13.43754071]
 [-3.55726657 13.43754071 24.75871297]]
y-h 
 [[3.63985829]
 [7.84895221]
 [7.44563221]]
self.P 
 [[0.01219397 0.00019402]
 [0.00019402 0.012492  ]]
if condition:  [[3673.22869602]]
Sinv: 
 [[31.35020088  2.42044804  3.96974505]
 [ 2.42044804 10.04267706 16.10106187]
 [ 3.96974505 16.10106187 29.43630369]]
y-h 
 [[3.22018844]
 [7.85265414]
 [8.7013575 ]]
self.P 
 [[0.01225674 0.00019334]
 [0.00019334 0.01259207]]
if condition:  [[5718.29942869]]
Sinv: 
 [[16.67229167  0.9853581   1.26895658]
 [ 0.9853581  10.62520536 17.07323904]
 [ 1.26895658 17.07323904 31.02300826]]
y-h 
 [[2.84058771]
 [7.88452414]
 [9.11305519]]
self.P 
 [[0.01232278 0.00019308]
 [0.00019308 0.01269207]]
if condition:  [[5934.77435519]]
Sinv: 
 [[11.85895066 -0.09500878 -0.64557163]
 [-0.09500878 10.67023961 17.13250075]
 [-0.64557163 17.13250075 31.06275316]]
y-h 
 [[2.64338895]
 [7.9456253 ]
 [9.39395787]]
self.P 
 [[0.01239076 0.00019303]
 [0.00019303 0.01279204]]
if condition:  [[6019.20279902]]
Sinv: 
 [[ 9.60109916 -0.89081333 -2.01364713]
 [-0.89081333 10.6504019  17.08673421]
 [-2.01364713 17.08673421 30.93464871]]
y-h 
 [[2.5273767 ]
 [7.85861696]
 [9.87222847]]
self.P 
 [[0.0124601  0.00019315]
 [0.00019315 0.01289197]]
if condition:  [[6249.37054883]]
Sinv: 
 [[ 8.06884048 -1.5844667  -3.19168762]
 [-1.5844667  10.60430983 16.99918477]
 [-3.19168762 16.99918477 30.74109273]]
y-h 
 [[ 2.40940611]
 [ 7.85499004]
 [10.33540458]]
self.P 
 [[0.01253072 0.00019342]
 [0.00019342 0.01299189]]
if condition:  [[6526.12409522]]
Sinv: 
 [[ 6.64187737 -2.38502763 -4.54526752]
 [-2.38502763 10.51942125 16.84557147]
 [-4.54526752 16.84557147 30.43560289]]
y-h 
 [[ 2.27771707]
 [ 7.76640436]
 [10.87146486]]
self.P 
 [[0.01260307 0.00019389]
 [0.00019389 0.01309177]]
if condition:  [[6801.2395661]]
Sinv: 
 [[ 5.82153885 -2.98876172 -5.55579372]
 [-2.98876172 10.43504913 16.69709367]
 [-5.55579372 16.69709367 30.146615  ]]
y-h 
 [[ 2.16597849]
 [ 7.77473409]
 [11.25214086]]
self.P 
 [[0.012677   0.00019455]
 [0.00019455 0.01319162]]
if condition:  [[7024.88924403]]
Sinv: 
 [[ 5.20953647 -3.40746191 -6.25872266]
 [-3.40746191 10.36873415 16.58141256]
 [-6.25872266 16.58141256 29.91708149]]
y-h 
 [[ 2.01649873]
 [ 7.75297831]
 [11.67332653]]
self.P 
 [[0.01275251 0.0001954 ]
 [0.0001954  0.01329144]]
if condition:  [[7321.27360515]]
Sinv: 
 [[ 4.82886867 -3.71811232 -6.77512333]
 [-3.71811232 10.31512795 16.48900867]
 [-6.77512333 16.48900867 29.73038057]]
y-h 
 [[ 1.85949806]
 [ 7.77965589]
 [11.86067581]]
self.P 
 [[0.01282945 0.00019643]
 [0.00019643 0.01339123]]
if condition:  [[7459.86306687]]
Sinv: 
 [[ 4.67045242 -4.00045205 -7.23405924]
 [-4.00045205 10.26016524 16.39643753]
 [-7.23405924 16.39643753 29.54769116]]
y-h 
 [[ 1.79530532]
 [ 7.72127453]
 [12.07299411]]
self.P 
 [[0.01290749 0.00019759]
 [0.00019759 0.01349101]]
if condition:  [[7565.94775322]]
Sinv: 
 [[ 4.71102285 -4.18704733 -7.52518572]
 [-4.18704733 10.21964243 16.33158111]
 [-7.52518572 16.33158111 29.41809508]]
y-h 
 [[ 1.72322554]
 [ 7.69983294]
 [11.88771625]]
self.P 
 [[0.01298589 0.00019878]
 [0.00019878 0.01359078]]
if condition:  [[7347.53517211]]
Sinv: 
 [[ 5.08998901 -4.25437302 -7.60114356]
 [-4.25437302 10.19855183 16.30483868]
 [-7.60114356 16.30483868 29.36274728]]
y-h 
 [[ 1.84737584]
 [ 7.62436602]
 [11.3383859 ]]
self.P 
 [[0.01306335 0.0001998 ]
 [0.0001998  0.01369057]]
if condition:  [[6765.83214477]]
Sinv: 
 [[ 5.68811123 -4.1872981  -7.44686687]
 [-4.1872981  10.20391168 16.32675558]
 [-7.44686687 16.32675558 29.39693716]]
y-h 
 [[ 2.00767989]
 [ 7.61841447]
 [10.94124199]]
self.P 
 [[0.01313924 0.00020058]
 [0.00020058 0.0137904 ]]
if condition:  [[6400.87020352]]
Sinv: 
 [[ 6.73060501 -4.11542516 -7.26672394]
 [-4.11542516 10.20139376 16.3398623 ]
 [-7.26672394 16.3398623  29.42476608]]
y-h 
 [[ 2.23380959]
 [ 7.55920977]
 [10.41879809]]
self.P 
 [[0.01321336 0.00020106]
 [0.00020106 0.01389028]]
if condition:  [[5907.16300469]]
Sinv: 
 [[ 8.07538577 -3.92810023 -6.89137646]
 [-3.92810023 10.22037362 16.39206224]
 [-6.89137646 16.39206224 29.52375224]]
y-h 
 [[ 2.43172337]
 [ 7.52440507]
 [10.11036913]]
self.P 
 [[0.01328586 0.00020128]
 [0.00020128 0.01399021]]
if condition:  [[5655.73234401]]
Sinv: 
 [[ 8.53378626 -3.88451212 -6.79451144]
 [-3.88451212 10.21692031 16.40244016]
